4
78
TASKS (ID COST)
0 3
1 3
2 3
3 3
4 3
5 3
6 3
7 3
8 3
9 3
10 3
11 3
12 3
13 3
14 3
15 3
16 3
17 3
18 3
19 3
20 3
21 3
22 3
23 3
24 3
25 3
26 3
27 3
28 3
29 3
30 3
31 3
32 3
33 3
34 3
35 3
36 3
37 3
38 3
39 3
40 3
41 3
42 3
43 3
44 3
45 3
46 3
47 3
48 3
49 3
50 3
51 3
52 3
53 3
54 3
55 3
56 3
57 3
58 3
59 3
60 3
61 3
62 3
63 3
64 3
65 3
66 3
67 3
68 3
69 3
70 3
71 3
72 3
73 3
74 3
75 3
76 3
77 3
EDGES (TASK TASK COST)
0 12 2
1 12 2
0 13 2
2 13 2
0 14 2
3 14 2
0 15 2
4 15 2
0 16 2
5 16 2
0 17 2
6 17 2
0 18 2
7 18 2
0 19 2
8 19 2
0 20 2
9 20 2
0 21 2
10 21 2
0 22 2
11 22 2
12 23 2
13 23 2
12 24 2
14 24 2
12 25 2
15 25 2
12 26 2
16 26 2
12 27 2
17 27 2
12 28 2
18 28 2
12 29 2
19 29 2
12 30 2
20 30 2
12 31 2
21 31 2
12 32 2
22 32 2
23 33 2
24 33 2
23 34 2
25 34 2
23 35 2
26 35 2
23 36 2
27 36 2
23 37 2
28 37 2
23 38 2
29 38 2
23 39 2
30 39 2
23 40 2
31 40 2
23 41 2
32 41 2
33 42 2
34 42 2
33 43 2
35 43 2
33 44 2
36 44 2
33 45 2
37 45 2
33 46 2
38 46 2
33 47 2
39 47 2
33 48 2
40 48 2
33 49 2
41 49 2
42 50 2
43 50 2
42 51 2
44 51 2
42 52 2
45 52 2
42 53 2
46 53 2
42 54 2
47 54 2
42 55 2
48 55 2
42 56 2
49 56 2
50 57 2
51 57 2
50 58 2
52 58 2
50 59 2
53 59 2
50 60 2
54 60 2
50 61 2
55 61 2
50 62 2
56 62 2
57 63 2
58 63 2
57 64 2
59 64 2
57 65 2
60 65 2
57 66 2
61 66 2
57 67 2
62 67 2
63 68 2
64 68 2
63 69 2
65 69 2
63 70 2
66 70 2
63 71 2
67 71 2
68 72 2
69 72 2
68 73 2
70 73 2
68 74 2
71 74 2
72 75 2
73 75 2
72 76 2
74 76 2
75 77 2
76 77 2
