4
30
TASKS (ID COST)
0 5
1 1
2 1
3 4
4 2
5 5
6 1
7 1
8 2
9 2
10 1
11 4
12 5
13 3
14 5
15 2
16 5
17 5
18 4
19 1
20 2
21 4
22 4
23 2
24 4
25 5
26 5
27 5
28 3
29 1
EDGES (TASK TASK COST)
5 6 3
2 6 3
3 6 3
0 7 5
6 7 5
1 7 5
4 8 2
7 9 4
6 10 2
9 10 2
8 10 2
3 10 2
7 10 2
5 11 4
6 11 4
9 11 4
0 11 4
4 11 4
11 12 5
4 12 5
2 12 5
2 14 2
0 14 2
13 14 2
8 14 2
10 14 2
10 15 1
8 15 1
7 15 1
14 15 1
11 15 1
8 16 2
3 16 2
14 16 2
12 16 2
10 18 4
17 18 4
4 18 4
12 18 4
0 18 4
3 19 5
14 19 5
4 19 5
18 19 5
10 20 4
1 20 4
16 21 3
5 22 4
4 22 4
20 23 2
10 23 2
11 23 2
2 23 2
20 24 4
17 24 4
20 26 3
24 26 3
3 26 3
15 27 3
14 28 5
12 28 5
26 28 5
26 29 5
5 29 5
25 29 5
22 29 5
