6
210
TASKS (ID COST)
0 3
1 3
2 3
3 3
4 3
5 3
6 3
7 3
8 3
9 3
10 3
11 3
12 3
13 3
14 3
15 3
16 3
17 3
18 3
19 3
20 3
21 3
22 3
23 3
24 3
25 3
26 3
27 3
28 3
29 3
30 3
31 3
32 3
33 3
34 3
35 3
36 3
37 3
38 3
39 3
40 3
41 3
42 3
43 3
44 3
45 3
46 3
47 3
48 3
49 3
50 3
51 3
52 3
53 3
54 3
55 3
56 3
57 3
58 3
59 3
60 3
61 3
62 3
63 3
64 3
65 3
66 3
67 3
68 3
69 3
70 3
71 3
72 3
73 3
74 3
75 3
76 3
77 3
78 3
79 3
80 3
81 3
82 3
83 3
84 3
85 3
86 3
87 3
88 3
89 3
90 3
91 3
92 3
93 3
94 3
95 3
96 3
97 3
98 3
99 3
100 3
101 3
102 3
103 3
104 3
105 3
106 3
107 3
108 3
109 3
110 3
111 3
112 3
113 3
114 3
115 3
116 3
117 3
118 3
119 3
120 3
121 3
122 3
123 3
124 3
125 3
126 3
127 3
128 3
129 3
130 3
131 3
132 3
133 3
134 3
135 3
136 3
137 3
138 3
139 3
140 3
141 3
142 3
143 3
144 3
145 3
146 3
147 3
148 3
149 3
150 3
151 3
152 3
153 3
154 3
155 3
156 3
157 3
158 3
159 3
160 3
161 3
162 3
163 3
164 3
165 3
166 3
167 3
168 3
169 3
170 3
171 3
172 3
173 3
174 3
175 3
176 3
177 3
178 3
179 3
180 3
181 3
182 3
183 3
184 3
185 3
186 3
187 3
188 3
189 3
190 3
191 3
192 3
193 3
194 3
195 3
196 3
197 3
198 3
199 3
200 3
201 3
202 3
203 3
204 3
205 3
206 3
207 3
208 3
209 3
EDGES (TASK TASK COST)
0 20 2
1 20 2
0 21 2
2 21 2
0 22 2
3 22 2
0 23 2
4 23 2
0 24 2
5 24 2
0 25 2
6 25 2
0 26 2
7 26 2
0 27 2
8 27 2
0 28 2
9 28 2
0 29 2
10 29 2
0 30 2
11 30 2
0 31 2
12 31 2
0 32 2
13 32 2
0 33 2
14 33 2
0 34 2
15 34 2
0 35 2
16 35 2
0 36 2
17 36 2
0 37 2
18 37 2
0 38 2
19 38 2
20 39 2
21 39 2
20 40 2
22 40 2
20 41 2
23 41 2
20 42 2
24 42 2
20 43 2
25 43 2
20 44 2
26 44 2
20 45 2
27 45 2
20 46 2
28 46 2
20 47 2
29 47 2
20 48 2
30 48 2
20 49 2
31 49 2
20 50 2
32 50 2
20 51 2
33 51 2
20 52 2
34 52 2
20 53 2
35 53 2
20 54 2
36 54 2
20 55 2
37 55 2
20 56 2
38 56 2
39 57 2
40 57 2
39 58 2
41 58 2
39 59 2
42 59 2
39 60 2
43 60 2
39 61 2
44 61 2
39 62 2
45 62 2
39 63 2
46 63 2
39 64 2
47 64 2
39 65 2
48 65 2
39 66 2
49 66 2
39 67 2
50 67 2
39 68 2
51 68 2
39 69 2
52 69 2
39 70 2
53 70 2
39 71 2
54 71 2
39 72 2
55 72 2
39 73 2
56 73 2
57 74 2
58 74 2
57 75 2
59 75 2
57 76 2
60 76 2
57 77 2
61 77 2
57 78 2
62 78 2
57 79 2
63 79 2
57 80 2
64 80 2
57 81 2
65 81 2
57 82 2
66 82 2
57 83 2
67 83 2
57 84 2
68 84 2
57 85 2
69 85 2
57 86 2
70 86 2
57 87 2
71 87 2
57 88 2
72 88 2
57 89 2
73 89 2
74 90 2
75 90 2
74 91 2
76 91 2
74 92 2
77 92 2
74 93 2
78 93 2
74 94 2
79 94 2
74 95 2
80 95 2
74 96 2
81 96 2
74 97 2
82 97 2
74 98 2
83 98 2
74 99 2
84 99 2
74 100 2
85 100 2
74 101 2
86 101 2
74 102 2
87 102 2
74 103 2
88 103 2
74 104 2
89 104 2
90 105 2
91 105 2
90 106 2
92 106 2
90 107 2
93 107 2
90 108 2
94 108 2
90 109 2
95 109 2
90 110 2
96 110 2
90 111 2
97 111 2
90 112 2
98 112 2
90 113 2
99 113 2
90 114 2
100 114 2
90 115 2
101 115 2
90 116 2
102 116 2
90 117 2
103 117 2
90 118 2
104 118 2
105 119 2
106 119 2
105 120 2
107 120 2
105 121 2
108 121 2
105 122 2
109 122 2
105 123 2
110 123 2
105 124 2
111 124 2
105 125 2
112 125 2
105 126 2
113 126 2
105 127 2
114 127 2
105 128 2
115 128 2
105 129 2
116 129 2
105 130 2
117 130 2
105 131 2
118 131 2
119 132 2
120 132 2
119 133 2
121 133 2
119 134 2
122 134 2
119 135 2
123 135 2
119 136 2
124 136 2
119 137 2
125 137 2
119 138 2
126 138 2
119 139 2
127 139 2
119 140 2
128 140 2
119 141 2
129 141 2
119 142 2
130 142 2
119 143 2
131 143 2
132 144 2
133 144 2
132 145 2
134 145 2
132 146 2
135 146 2
132 147 2
136 147 2
132 148 2
137 148 2
132 149 2
138 149 2
132 150 2
139 150 2
132 151 2
140 151 2
132 152 2
141 152 2
132 153 2
142 153 2
132 154 2
143 154 2
144 155 2
145 155 2
144 156 2
146 156 2
144 157 2
147 157 2
144 158 2
148 158 2
144 159 2
149 159 2
144 160 2
150 160 2
144 161 2
151 161 2
144 162 2
152 162 2
144 163 2
153 163 2
144 164 2
154 164 2
155 165 2
156 165 2
155 166 2
157 166 2
155 167 2
158 167 2
155 168 2
159 168 2
155 169 2
160 169 2
155 170 2
161 170 2
155 171 2
162 171 2
155 172 2
163 172 2
155 173 2
164 173 2
165 174 2
166 174 2
165 175 2
167 175 2
165 176 2
168 176 2
165 177 2
169 177 2
165 178 2
170 178 2
165 179 2
171 179 2
165 180 2
172 180 2
165 181 2
173 181 2
174 182 2
175 182 2
174 183 2
176 183 2
174 184 2
177 184 2
174 185 2
178 185 2
174 186 2
179 186 2
174 187 2
180 187 2
174 188 2
181 188 2
182 189 2
183 189 2
182 190 2
184 190 2
182 191 2
185 191 2
182 192 2
186 192 2
182 193 2
187 193 2
182 194 2
188 194 2
189 195 2
190 195 2
189 196 2
191 196 2
189 197 2
192 197 2
189 198 2
193 198 2
189 199 2
194 199 2
195 200 2
196 200 2
195 201 2
197 201 2
195 202 2
198 202 2
195 203 2
199 203 2
200 204 2
201 204 2
200 205 2
202 205 2
200 206 2
203 206 2
204 207 2
205 207 2
204 208 2
206 208 2
207 209 2
208 209 2
