3
100
TASKS (ID COST)
0 2
1 5
2 2
3 3
4 1
5 5
6 4
7 5
8 3
9 5
10 2
11 5
12 3
13 4
14 1
15 5
16 3
17 4
18 5
19 5
20 1
21 1
22 5
23 1
24 3
25 3
26 1
27 5
28 2
29 3
30 3
31 5
32 2
33 4
34 4
35 3
36 1
37 5
38 1
39 5
40 3
41 1
42 1
43 1
44 5
45 5
46 2
47 1
48 2
49 3
50 3
51 3
52 2
53 1
54 2
55 4
56 1
57 3
58 2
59 5
60 3
61 4
62 2
63 4
64 3
65 1
66 3
67 4
68 4
69 2
70 1
71 4
72 3
73 4
74 4
75 1
76 3
77 1
78 5
79 3
80 3
81 5
82 1
83 1
84 5
85 2
86 5
87 4
88 1
89 2
90 2
91 2
92 4
93 1
94 2
95 3
96 1
97 2
98 4
99 1
EDGES (TASK TASK COST)
2 6 4
3 6 4
1 6 4
1 7 5
4 7 5
3 7 5
2 7 5
2 8 5
1 8 5
3 8 5
6 8 5
0 9 5
5 9 5
6 9 5
3 9 5
8 10 4
3 11 3
1 11 3
10 11 3
7 11 3
8 11 3
10 12 1
2 12 1
9 12 1
0 13 2
7 13 2
9 13 2
2 13 2
12 13 2
6 14 1
11 15 4
0 15 4
7 15 4
3 15 4
15 16 4
14 16 4
5 16 4
2 16 4
3 16 4
2 18 3
14 18 3
8 18 3
18 19 5
6 19 5
16 19 5
15 19 5
16 20 5
5 20 5
7 20 5
19 22 2
4 22 2
14 22 2
21 22 2
5 22 2
3 23 4
19 23 4
2 23 4
9 23 4
18 23 4
15 24 5
24 25 5
2 25 5
26 29 2
28 29 2
7 29 2
15 30 5
22 31 5
23 31 5
8 31 5
17 31 5
0 31 5
9 33 2
27 33 2
4 33 2
18 33 2
22 33 2
34 35 2
28 35 2
20 36 2
11 37 5
18 37 5
21 37 5
0 38 2
30 38 2
31 38 2
21 39 4
18 40 5
14 40 5
16 41 5
27 41 5
1 41 5
26 41 5
20 42 1
35 42 1
30 42 1
5 42 1
17 43 5
2 44 1
28 44 1
16 45 1
8 45 1
0 46 4
31 46 4
21 46 4
6 46 4
25 46 4
36 47 1
20 47 1
11 47 1
19 47 1
38 47 1
43 49 1
24 49 1
36 49 1
20 49 1
20 50 1
12 50 1
27 50 1
45 50 1
0 50 1
31 52 2
10 52 2
37 53 5
13 54 1
23 54 1
40 55 2
35 56 3
27 57 3
12 57 3
44 57 3
23 59 5
35 59 5
54 60 4
53 60 4
8 60 4
38 61 2
35 61 2
42 62 4
38 62 4
14 62 4
43 62 4
48 64 2
40 65 1
48 65 1
37 65 1
20 66 2
50 66 2
57 66 2
45 67 1
5 67 1
60 67 1
14 67 1
67 68 4
55 68 4
50 68 4
4 68 4
55 69 2
66 69 2
6 69 2
1 69 2
37 70 3
47 70 3
43 70 3
63 71 5
7 72 1
18 72 1
39 72 1
16 73 1
59 73 1
42 73 1
67 74 2
57 74 2
75 76 2
33 76 2
72 76 2
4 76 2
69 76 2
50 79 1
70 79 1
59 79 1
69 80 3
61 82 4
18 82 4
31 83 5
30 83 5
25 83 5
44 85 4
75 85 4
38 87 2
5 87 2
59 87 2
18 88 4
2 88 4
79 89 1
20 90 2
2 90 2
40 90 2
14 90 2
51 90 2
43 91 4
41 92 3
73 92 3
51 92 3
73 93 2
35 93 2
62 94 5
18 94 5
52 94 5
76 94 5
36 94 5
88 95 4
28 95 4
46 95 4
27 97 3
61 99 4
48 99 4
30 99 4
