5
120
TASKS (ID COST)
0 3
1 3
2 3
3 3
4 3
5 3
6 3
7 3
8 3
9 3
10 3
11 3
12 3
13 3
14 3
15 3
16 3
17 3
18 3
19 3
20 3
21 3
22 3
23 3
24 3
25 3
26 3
27 3
28 3
29 3
30 3
31 3
32 3
33 3
34 3
35 3
36 3
37 3
38 3
39 3
40 3
41 3
42 3
43 3
44 3
45 3
46 3
47 3
48 3
49 3
50 3
51 3
52 3
53 3
54 3
55 3
56 3
57 3
58 3
59 3
60 3
61 3
62 3
63 3
64 3
65 3
66 3
67 3
68 3
69 3
70 3
71 3
72 3
73 3
74 3
75 3
76 3
77 3
78 3
79 3
80 3
81 3
82 3
83 3
84 3
85 3
86 3
87 3
88 3
89 3
90 3
91 3
92 3
93 3
94 3
95 3
96 3
97 3
98 3
99 3
100 3
101 3
102 3
103 3
104 3
105 3
106 3
107 3
108 3
109 3
110 3
111 3
112 3
113 3
114 3
115 3
116 3
117 3
118 3
119 3
EDGES (TASK TASK COST)
0 15 2
1 15 2
0 16 2
2 16 2
0 17 2
3 17 2
0 18 2
4 18 2
0 19 2
5 19 2
0 20 2
6 20 2
0 21 2
7 21 2
0 22 2
8 22 2
0 23 2
9 23 2
0 24 2
10 24 2
0 25 2
11 25 2
0 26 2
12 26 2
0 27 2
13 27 2
0 28 2
14 28 2
15 29 2
16 29 2
15 30 2
17 30 2
15 31 2
18 31 2
15 32 2
19 32 2
15 33 2
20 33 2
15 34 2
21 34 2
15 35 2
22 35 2
15 36 2
23 36 2
15 37 2
24 37 2
15 38 2
25 38 2
15 39 2
26 39 2
15 40 2
27 40 2
15 41 2
28 41 2
29 42 2
30 42 2
29 43 2
31 43 2
29 44 2
32 44 2
29 45 2
33 45 2
29 46 2
34 46 2
29 47 2
35 47 2
29 48 2
36 48 2
29 49 2
37 49 2
29 50 2
38 50 2
29 51 2
39 51 2
29 52 2
40 52 2
29 53 2
41 53 2
42 54 2
43 54 2
42 55 2
44 55 2
42 56 2
45 56 2
42 57 2
46 57 2
42 58 2
47 58 2
42 59 2
48 59 2
42 60 2
49 60 2
42 61 2
50 61 2
42 62 2
51 62 2
42 63 2
52 63 2
42 64 2
53 64 2
54 65 2
55 65 2
54 66 2
56 66 2
54 67 2
57 67 2
54 68 2
58 68 2
54 69 2
59 69 2
54 70 2
60 70 2
54 71 2
61 71 2
54 72 2
62 72 2
54 73 2
63 73 2
54 74 2
64 74 2
65 75 2
66 75 2
65 76 2
67 76 2
65 77 2
68 77 2
65 78 2
69 78 2
65 79 2
70 79 2
65 80 2
71 80 2
65 81 2
72 81 2
65 82 2
73 82 2
65 83 2
74 83 2
75 84 2
76 84 2
75 85 2
77 85 2
75 86 2
78 86 2
75 87 2
79 87 2
75 88 2
80 88 2
75 89 2
81 89 2
75 90 2
82 90 2
75 91 2
83 91 2
84 92 2
85 92 2
84 93 2
86 93 2
84 94 2
87 94 2
84 95 2
88 95 2
84 96 2
89 96 2
84 97 2
90 97 2
84 98 2
91 98 2
92 99 2
93 99 2
92 100 2
94 100 2
92 101 2
95 101 2
92 102 2
96 102 2
92 103 2
97 103 2
92 104 2
98 104 2
99 105 2
100 105 2
99 106 2
101 106 2
99 107 2
102 107 2
99 108 2
103 108 2
99 109 2
104 109 2
105 110 2
106 110 2
105 111 2
107 111 2
105 112 2
108 112 2
105 113 2
109 113 2
110 114 2
111 114 2
110 115 2
112 115 2
110 116 2
113 116 2
114 117 2
115 117 2
114 118 2
116 118 2
117 119 2
118 119 2
