4
120
TASKS (ID COST)
0 5
1 1
2 5
3 5
4 5
5 5
6 1
7 4
8 3
9 5
10 1
11 2
12 2
13 1
14 4
15 2
16 2
17 4
18 4
19 2
20 4
21 5
22 4
23 3
24 5
25 2
26 2
27 5
28 1
29 5
30 1
31 2
32 4
33 2
34 4
35 2
36 1
37 1
38 5
39 3
40 2
41 4
42 1
43 4
44 3
45 3
46 4
47 2
48 3
49 4
50 3
51 1
52 2
53 1
54 2
55 1
56 1
57 2
58 3
59 1
60 5
61 5
62 4
63 4
64 5
65 4
66 2
67 5
68 2
69 4
70 1
71 3
72 5
73 3
74 4
75 3
76 5
77 2
78 3
79 5
80 4
81 2
82 1
83 3
84 1
85 3
86 4
87 1
88 4
89 2
90 2
91 2
92 2
93 2
94 3
95 4
96 5
97 4
98 1
99 5
100 1
101 4
102 4
103 4
104 4
105 2
106 3
107 5
108 3
109 5
110 4
111 2
112 4
113 1
114 5
115 3
116 1
117 5
118 1
119 4
EDGES (TASK TASK COST)
3 6 1
2 6 1
4 6 1
1 6 1
5 7 2
4 7 2
1 7 2
6 7 2
5 8 2
3 8 2
2 8 2
0 8 2
5 9 5
6 9 5
0 9 5
2 9 5
5 10 2
6 10 2
8 12 1
6 12 1
11 13 4
8 13 4
2 13 4
7 13 4
6 14 3
13 14 3
8 14 3
12 15 5
2 15 5
1 15 5
1 17 2
11 18 3
5 18 3
0 19 2
19 20 5
17 21 2
6 21 2
9 22 4
19 22 4
3 22 4
22 23 5
11 23 5
9 23 5
4 23 5
18 24 4
0 24 4
23 24 4
8 25 3
4 25 3
13 25 3
12 25 3
13 26 2
24 26 2
10 26 2
22 26 2
21 27 2
9 27 2
24 27 2
25 27 2
17 28 2
14 28 2
26 29 1
4 29 1
12 29 1
6 29 1
19 30 5
6 30 5
10 30 5
26 30 5
21 30 5
7 31 2
6 31 2
21 31 2
29 31 2
4 31 2
2 32 3
21 32 3
25 32 3
22 32 3
23 32 3
29 33 3
6 33 3
0 34 5
7 34 5
6 34 5
27 34 5
12 35 1
32 35 1
25 35 1
14 35 1
12 36 4
30 37 4
32 37 4
31 37 4
2 37 4
21 38 1
17 38 1
18 38 1
26 39 5
31 39 5
12 40 3
25 40 3
32 40 3
31 40 3
2 40 3
12 41 2
18 41 2
20 41 2
26 41 2
10 41 2
6 42 2
26 42 2
16 42 2
29 43 5
28 43 5
37 43 5
15 43 5
10 43 5
16 45 3
26 46 1
29 46 1
44 46 1
6 46 1
0 46 1
7 47 2
5 47 2
34 47 2
41 47 2
15 48 4
47 49 5
17 49 5
4 50 5
0 50 5
35 50 5
50 51 3
47 51 3
1 51 3
0 51 3
29 51 3
1 52 2
44 52 2
37 52 2
2 52 2
17 54 1
20 55 4
32 56 1
55 56 1
41 56 1
15 56 1
18 56 1
56 57 1
41 57 1
10 57 1
1 57 1
45 57 1
46 58 4
23 58 4
38 59 2
21 59 2
36 61 1
17 61 1
28 61 1
7 61 1
55 61 1
44 62 4
16 62 4
31 63 1
45 63 1
44 63 1
16 64 5
4 64 5
18 65 4
62 65 4
54 65 4
42 65 4
33 66 1
13 66 1
19 66 1
61 66 1
14 66 1
45 68 1
17 71 5
31 71 5
52 71 5
64 71 5
71 72 5
55 72 5
3 73 1
4 73 1
55 73 1
47 73 1
42 74 4
38 74 4
23 74 4
31 74 4
5 75 4
66 76 2
33 76 2
51 76 2
3 77 3
18 77 3
70 77 3
61 78 4
65 78 4
17 79 5
27 80 1
0 80 1
16 80 1
60 80 1
8 80 1
26 81 4
54 81 4
79 81 4
10 81 4
40 81 4
10 84 4
48 84 4
22 84 4
31 84 4
42 85 2
25 85 2
77 86 5
65 86 5
7 86 5
72 86 5
18 88 5
77 88 5
47 88 5
17 88 5
73 88 5
88 90 4
79 91 5
25 91 5
87 91 5
68 91 5
20 92 3
49 92 3
46 92 3
70 93 5
16 93 5
31 95 5
72 95 5
82 96 4
26 96 4
47 96 4
18 96 4
18 97 3
67 97 3
44 97 3
90 98 3
55 98 3
79 98 3
62 98 3
40 99 1
88 99 1
26 99 1
82 99 1
21 100 2
74 100 2
54 100 2
70 100 2
98 100 2
67 101 2
84 102 4
62 102 4
10 102 4
41 102 4
80 103 3
87 104 4
68 104 4
92 104 4
16 105 1
102 105 1
46 106 5
35 106 5
71 106 5
96 106 5
93 106 5
90 108 4
32 108 4
60 109 3
20 109 3
69 109 3
59 109 3
89 109 3
41 110 2
66 110 2
46 110 2
21 110 2
9 110 2
69 111 5
43 111 5
40 112 1
107 112 1
4 112 1
21 113 4
89 114 2
25 114 2
1 115 3
97 116 5
109 116 5
18 117 4
101 118 2
75 118 2
2 118 2
9 118 2
80 118 2
77 119 2
